400
1	2	-21		1	3	8		1	4	94		2	4	-32		1	5	82
2	5	39		4	6	60		1	7	15		4	8	92		1	9	13
2	10	-27		4	10	10		1	11	60		2	11	12		1	12	87
9	12	85		8	13	100		9	13	80		11	14	23		3	15	80
7	16	-31		9	16	87		15	16	4		4	17	7		14	17	64
4	18	46		12	18	10		17	18	23		2	19	84		3	19	18
4	19	49		10	19	78		18	19	4		13	20	62		17	20	84
5	21	2		14	22	82		6	23	65		17	23	63		21	23	100
5	24	79		6	24	3		15	24	74		18	24	39		21	24	20
20	25	5		24	25	43		7	26	87		18	26	37		1	27	9
22	27	25		6	28	-3		16	28	50		8	29	91		3	30	93
11	30	96		15	30	67		20	30	53		21	30	41		3	31	17
25	31	31		17	32	48		24	32	-33		7	33	72		31	33	56
1	34	12		11	34	65		24	34	65		32	34	6		8	35	25
20	35	44		1	36	32		10	36	88		12	36	19		35	36	23
11	37	95		19	37	46		24	37	78		29	37	35		31	37	66
6	38	61		12	39	98		23	39	82		21	40	-52		37	40	56
8	41	26		10	41	13		14	41	54		21	41	52		24	41	42
28	41	93		9	42	65		10	42	6		21	42	14		28	42	74
4	43	15		10	43	83		19	43	69		41	43	69		8	44	13
17	44	100		18	44	68		35	44	32		36	44	53		42	44	79
10	45	95		13	45	25		21	45	38		26	45	25		40	45	76
43	45	0		1	46	40		20	46	33		21	46	45		5	47	16
24	47	61		33	47	85		1	48	70		6	48	23		10	48	39
36	48	47		41	48	84		44	48	27		17	49	89		30	49	7
11	50	41		15	50	24		29	50	20		42	50	94		2	51	25
22	51	37		37	51	62		36	52	25		47	52	4		50	52	15
2	53	9		3	53	16		23	53	0		33	53	13		38	53	84
39	53	-29		51	53	34		1	54	12		7	54	23		20	54	41
22	54	100		23	54	52		51	54	87		7	55	25		11	55	97
13	55	72		22	55	17		40	55	80		47	55	36		49	55	6
51	55	27		2	56	76		5	56	80		7	56	95		12	56	7
47	56	61		32	57	-49		56	57	49		14	58	8		45	58	62
56	58	71		57	58	72		21	59	13		23	59	91		29	59	4
37	59	86		23	60	28		37	60	78		39	60	20		48	60	82
49	60	68		5	61	9		20	61	19		22	61	93		31	61	38
32	61	80		14	62	0		19	62	67		30	62	-18		49	62	43
11	63	61		28	63	7		51	63	8		12	64	43		21	64	76
2	65	49		8	65	32		14	65	25		17	65	88		19	65	92
46	65	70		51	65	-70		3	66	69		28	66	36		33	66	85
39	66	96		41	66	33		63	66	57		21	67	28		45	67	4
56	67	27		66	67	92		3	68	98		17	68	58		26	68	72
52	68	45		62	68	78		29	69	0		48	69	6		53	69	6
55	69	47		4	70	28		27	70	3		29	70	42		46	70	7
48	70	14		59	70	72		61	70	81		63	70	-82		64	70	20
31	71	98		35	71	-94		41	71	21		64	71	56		66	71	24
1	72	3		17	72	13		27	72	23		28	72	83		53	72	9
16	73	54		31	73	59		39	73	10		54	73	47		13	74	-43
34	74	0		38	74	73		55	74	88		5	75	87		6	75	15
30	75	7		54	75	42		60	75	43		6	76	59		36	76	83
65	76	66		71	76	62		22	77	51		30	77	4		31	77	5
36	77	91		45	77	83		54	77	20		55	77	93		58	77	53
68	77	46		6	78	26		32	78	51		33	78	52		44	78	96
50	78	82		63	78	67		68	78	31		70	78	43		12	79	21
18	79	38		34	79	61		62	79	75		67	79	49		18	80	15
34	80	100		46	80	79		16	81	71		24	81	21		28	81	16
31	81	61		40	81	99		47	81	40		56	81	23		70	81	24
21	82	36		37	82	-57		45	82	85		46	82	51		63	82	65
64	82	95		65	82	10		66	82	15		71	82	94		72	82	59
7	83	68		8	83	35		16	83	34		63	83	63		73	83	7
78	83	37		7	84	37		21	84	50		48	84	53		69	84	15
71	84	69		83	84	54		14	85	6		36	85	55		43	85	0
50	85	79		54	85	44		82	85	52		22	86	66		28	86	99
32	86	28		63	86	27		84	86	61		5	87	3		32	87	33
43	87	91		70	87	61		15	88	84		22	88	24		64	88	50
82	88	37		6	89	89		8	89	87		10	89	65		11	89	24
16	89	4		19	89	0		20	89	39		50	89	65		69	89	90
79	89	23		5	90	76		14	90	48		47	90	40		60	90	14
73	90	25		84	90	67		6	91	43		24	91	44		61	91	21
63	91	1		86	91	88		89	91	3		19	92	63		44	92	98
51	92	28		78	92	38		32	93	34		46	93	12		73	93	53
76	93	78		78	93	25		49	94	98		65	94	98		72	94	78
76	94	4		83	94	79		88	94	34		89	94	67		14	95	94
19	95	73		41	95	59		50	95	7		58	95	9		72	95	14
92	95	54		94	95	81		1	96	82		10	96	0		13	96	62
24	96	100		30	96	57		41	96	74		46	96	22		70	96	60
80	96	52		87	96	31		91	96	43		11	97	42		13	97	14
27	97	67		43	97	98		50	97	78		60	97	59		77	97	-9
2	98	29		29	98	45		35	98	6		44	98	72		49	98	10
57	98	7		58	98	99		64	98	57		79	98	77		20	99	48
30	99	25		38	99	71		45	99	79		73	99	58		81	99	7
92	99	79		97	99	80		17	100	36		20	100	10		31	100	64
53	100	94		60	100	97		73	100	30		89	100	37		17	101	49
23	101	88		34	101	62		53	101	85		55	101	58		66	101	14
71	101	88		91	101	3		2	102	86		18	102	59		19	102	53
38	102	53		40	102	92		43	102	94		45	102	96		62	102	74
64	102	59		65	102	91		68	102	10		14	103	68		23	103	8
70	103	12		71	103	26		74	103	27		92	103	24		4	104	7
14	104	98		15	104	59		35	104	100		38	104	1		52	104	85
83	104	19		3	105	-5		5	105	-23		18	105	42		31	105	75
59	105	77		60	105	63		67	105	64		83	105	66		94	105	31
95	105	34		22	106	67		35	106	52		46	106	47		48	106	36
91	106	15		95	106	11		6	107	74		45	107	85		48	107	7
83	107	68		90	107	72		91	107	62		18	108	17		38	108	45
62	108	86		67	108	43		72	108	72		76	108	28		91	108	15
94	108	39		99	108	17		8	109	45		12	109	93		15	109	28
38	109	82		40	109	52		52	109	44		73	109	88		2	110	55
7	110	56		30	110	46		38	110	80		53	110	95		54	110	9
73	110	20		87	110	32		93	110	95		20	111	81		74	111	17
77	111	80		86	111	28		87	111	76		104	111	80		110	111	81
23	112	2		56	112	-49		98	112	79		2	113	42		23	113	79
29	113	18		48	113	15		51	113	4		61	113	74		66	113	8
71	113	85		2	114	23		7	114	10		38	114	76		74	114	87
78	114	7		91	114	45		107	114	85		17	115	7		20	115	46
37	115	84		38	115	10		74	115	27		82	115	-100		88	115	95
91	115	58		111	115	41		12	116	96		14	116	17		24	116	75
29	116	80		30	116	65		44	116	59		75	116	51		100	116	7
104	116	37		107	116	37		111	116	85		113	116	89		19	117	40
28	117	25		31	117	67		51	117	14		54	117	99		61	117	86
80	117	87		35	118	6		41	118	22		50	118	31		53	118	28
84	118	79		88	118	20		106	118	52		8	119	85		9	119	91
35	119	10		44	119	21		48	119	48		69	119	85		72	119	27
77	119	18		89	119	61		90	119	91		21	120	58		27	120	75
31	120	92		48	120	29		84	120	67		92	120	57		110	120	34
115	120	97		43	121	78		45	121	48		69	121	2		70	121	32
81	121	14		83	121	0		84	121	38		94	121	39		96	121	-58
114	121	27		7	122	57		9	122	-53		20	122	90		32	122	0
39	122	42		68	122	76		76	122	87		17	123	64		34	123	47
41	123	86		86	123	31		89	123	39		96	123	74		2	124	10
17	124	-27		22	124	90		41	124	72		46	124	30		59	124	6
73	124	19		91	124	76		95	124	-43		97	124	68		99	124	-8
116	124	62		118	124	18		3	125	30		7	125	54		32	125	92
43	125	41		66	125	55		68	125	30		112	125	100		1	126	75
2	126	47		11	126	2		22	126	99		34	126	87		44	126	39
52	126	60		117	126	50		118	126	32		2	127	73		7	127	88
17	127	67		23	127	72		25	127	-26		29	127	92		44	127	85
54	127	54		64	127	0		69	127	67		70	127	39		74	127	97
76	127	80		81	127	86		92	127	86		97	127	9		120	127	12
12	128	26		19	128	21		35	128	98		37	128	45		42	128	53
64	128	22		68	128	14		77	128	21		84	128	40		98	128	90
103	128	4		105	128	98		111	128	97		2	129	77		45	129	38
56	129	53		66	129	6		74	129	35		89	129	22		90	129	25
103	129	49		113	129	25		115	129	32		117	129	19		123	129	81
12	130	92		39	130	46		42	130	3		45	130	72		52	130	42
56	130	96		57	130	96		64	130	78		74	130	78		79	130	75
99	130	76		107	130	90		109	130	74		124	130	100		4	131	78
14	131	36		17	131	22		38	131	46		51	131	80		56	131	11
63	131	76		76	131	8		90	131	-7		102	131	0		115	131	86
15	132	7		25	132	17		79	132	49		82	132	75		98	132	88
101	132	89		109	132	1		3	133	81		6	133	44		31	133	49
44	133	48		61	133	26		63	133	96		68	133	54		86	133	99
106	133	94		109	133	75		112	133	15		11	134	51		22	134	40
37	134	85		48	134	83		63	134	30		82	134	52		86	134	74
88	134	20		127	134	18		128	134	60		6	135	71		73	135	43
74	135	64		87	135	41		122	135	56		128	135	82		134	135	60
5	136	84		22	136	35		38	136	63		41	136	0		85	136	5
105	136	23		109	136	14		4	137	36		6	137	99		7	137	85
50	137	25		55	137	39		84	137	9		85	137	10		101	137	19
106	137	62		114	137	65		115	137	45		118	137	43		6	138	98
7	138	75		31	138	87		54	138	75		63	138	22		65	138	32
66	138	-15		75	138	68		2	139	82		19	139	62		30	139	65
53	139	51		72	139	30		73	139	90		97	139	13		117	139	60
133	139	27		134	139	29		26	140	0		36	140	78		38	140	82
57	140	12		63	140	58		66	140	23		72	140	56		108	140	12
112	140	66		118	140	64		18	141	65		54	141	20		63	141	79
65	141	32		78	141	13		80	141	0		113	141	94		117	141	89
132	141	3		36	142	28		47	142	-47		51	142	64		54	142	15
75	142	60		84	142	5		86	142	10		110	142	59		126	142	99
132	142	49		140	142	42		23	143	81		68	143	7		99	143	15
113	143	12		123	143	73		140	143	46		14	144	-39		16	144	94
60	144	64		65	144	66		68	144	69		87	144	42		92	144	15
117	144	5		124	144	11		135	144	28		138	144	-81		1	145	92
17	145	79		35	145	22		42	145	-61		43	145	-8		66	145	4
74	145	45		81	145	1		86	145	20		103	145	92		104	145	61
119	145	63		136	145	43		16	146	96		17	146	35		18	146	70
26	146	30		32	146	92		37	146	37		55	146	48		60	146	43
66	146	41		76	146	55		78	146	17		93	146	15		109	146	51
126	146	5		128	146	88		138	146	84		110	147	22		118	147	45
138	147	39		5	148	7		12	148	61		32	148	89		43	148	9
46	148	-29		50	148	42		74	148	32		96	148	7		123	148	44
140	148	12		141	148	97		9	149	-7		39	149	0		60	149	29
66	149	76		84	149	96		87	149	39		113	149	77		127	149	29
129	149	0		131	149	41		137	149	0		30	150	94		49	150	29
66	150	79		69	150	-21		74	150	16		105	150	67		125	150	14
127	150	52		129	150	65		135	150	92		136	150	95		12	151	72
16	151	96		19	151	45		37	151	10		41	151	44		56	151	44
94	151	96		148	151	71		3	152	26		27	152	30		36	152	33
46	152	29		49	152	17		57	152	29		62	152	33		65	152	48
76	152	5		93	152	84		98	152	95		7	153	72		8	153	43
9	153	34		19	153	18		21	153	91		35	153	26		58	153	1
62	153	62		83	153	-78		86	153	28		94	153	76		95	153	-42
100	153	9		113	153	50		125	153	93		138	153	78		150	153	96
7	154	14		13	154	75		14	154	2		15	154	94		21	154	69
22	154	24		26	154	38		27	154	75		41	154	51		72	154	70
73	154	79		85	154	23		95	154	50		99	154	50		100	154	22
123	154	62		8	155	55		16	155	37		42	155	31		44	155	94
49	155	56		51	155	30		66	155	88		67	155	57		103	155	71
111	155	36		115	155	59		123	155	51		133	155	72		137	155	-25
139	155	73		153	155	62		24	156	17		28	156	87		45	156	56
47	156	-8		48	156	14		60	156	94		76	156	35		82	156	28
106	156	12		123	156	2		135	156	72		145	156	36		152	156	60
6	157	94		12	157	50		54	157	-1		87	157	12		90	157	97
96	157	48		106	157	13		111	157	72		114	157	32		117	157	49
123	157	58		127	157	24		131	157	35		135	157	41		140	157	35
145	157	57		62	158	84		83	158	-68		84	158	76		93	158	41
110	158	77		140	158	54		142	158	-93		14	159	48		57	159	45
78	159	47		88	159	-59		127	159	72		158	159	43		19	160	42
41	160	69		43	160	56		48	160	37		88	160	95		93	160	5
99	160	45		103	160	15		144	160	81		19	161	11		50	161	44
92	161	86		104	161	30		109	161	85		40	162	56		102	162	7
107	162	22		114	162	85		125	162	62		142	162	-54		148	162	61
161	162	2		21	163	61		33	163	13		48	163	56		82	163	5
84	163	93		94	163	1		115	163	49		125	163	36		148	163	62
3	164	35		14	164	23		19	164	56		74	164	70		92	164	56
105	164	57		113	164	84		130	164	10		131	164	27		151	164	74
152	164	68		158	164	16		16	165	94		27	165	61		56	165	66
63	165	22		71	165	0		76	165	69		84	165	99		95	165	90
105	165	66		128	165	55		133	165	33		134	165	-14		164	165	67
11	166	0		27	166	77		34	166	-45		36	166	38		43	166	35
71	166	-19		72	166	67		90	166	99		105	166	14		109	166	1
131	166	37		151	166	8		154	166	21		157	166	44		160	166	88
165	166	5		5	167	39		20	167	72		30	167	40		48	167	74
53	167	91		104	167	62		111	167	75		131	167	97		146	167	10
155	167	27		9	168	47		10	168	-9		20	168	10		30	168	88
38	168	0		55	168	79		70	168	84		74	168	56		82	168	78
88	168	20		94	168	76		96	168	65		102	168	66		117	168	87
118	168	79		123	168	58		126	168	2		131	168	76		147	168	-49
155	168	20		158	168	19		1	169	92		21	169	16		26	169	28
37	169	6		50	169	67		109	169	20		111	169	60		112	169	-19
118	169	55		127	169	76		130	169	61		131	169	13		137	169	92
142	169	29		5	170	16		26	170	45		28	170	92		33	170	30
38	170	30		43	170	33		57	170	95		76	170	28		79	170	26
98	170	60		122	170	0		166	170	78		169	170	25		12	171	48
19	171	27		22	171	22		40	171	41		60	171	94		76	171	1
87	171	49		90	171	79		94	171	81		110	171	33		128	171	61
1	172	9		10	172	17		30	172	2		40	172	29		75	172	35
79	172	78		99	172	4		101	172	2		138	172	91		151	172	80
152	172	55		164	172	16		1	173	36		57	173	68		75	173	34
79	173	94		89	173	44		113	173	0		116	173	6		126	173	7
164	173	10		172	173	68		16	174	12		25	174	69		32	174	30
79	174	34		130	174	13		132	174	78		165	174	0		11	175	71
22	175	16		27	175	8		82	175	83		95	175	89		141	175	80
143	175	64		9	176	99		36	176	35		43	176	96		54	176	-64
83	176	55		85	176	27		97	176	84		110	176	2		112	176	53
115	176	39		131	176	58		159	176	64		161	176	65		61	177	0
91	177	93		96	177	94		98	177	31		100	177	62		104	177	40
137	177	-100		167	177	39		169	177	82		171	177	45		7	178	8
24	178	75		61	178	89		81	178	16		83	178	39		88	178	56
110	178	17		122	178	6		150	178	41		158	178	44		171	178	22
173	178	99		175	178	71		9	179	4		16	179	75		21	179	67
59	179	77		64	179	5		69	179	82		81	179	11		91	179	37
108	179	88		109	179	85		172	179	52		174	179	31		2	180	90
30	180	0		34	180	71		71	180	45		74	180	16		88	180	39
103	180	88		111	180	45		151	180	4		179	180	90		55	181	84
60	181	48		68	181	-60		81	181	66		85	181	64		99	181	53
123	181	75		124	181	83		166	181	100		10	182	87		28	182	32
35	182	35		63	182	92		66	182	59		89	182	97		122	182	4
140	182	53		144	182	65		155	182	10		165	182	85		11	183	87
14	183	78		19	183	62		32	183	69		40	183	49		42	183	78
45	183	66		55	183	61		58	183	33		66	183	58		101	183	92
104	183	34		134	183	93		150	183	45		154	183	21		156	183	63
159	183	10		9	184	54		42	184	7		61	184	2		62	184	4
72	184	32		85	184	29		100	184	43		111	184	18		121	184	70
123	184	8		133	184	21		142	184	68		145	184	17		150	184	89
163	184	47		176	184	37		2	185	23		30	185	68		32	185	51
35	185	9		40	185	25		63	185	96		75	185	95		101	185	39
105	185	20		122	185	12		124	185	59		141	185	35		157	185	52
166	185	97		172	185	58		183	185	100		3	186	5		17	186	68
28	186	69		30	186	71		64	186	39		67	186	79		92	186	61
104	186	42		109	186	96		113	186	30		124	186	86		162	186	23
182	186	7		15	187	47		36	187	-17		41	187	80		42	187	90
47	187	7		53	187	43		64	187	1		81	187	93		92	187	67
99	187	81		106	187	71		138	187	97		141	187	10		152	187	39
162	187	22		52	188	-79		63	188	71		83	188	91		91	188	61
92	188	94		109	188	95		115	188	51		120	188	81		130	188	22
146	188	92		152	188	39		175	188	65		4	189	55		7	189	68
29	189	-67		36	189	71		39	189	0		67	189	64		74	189	28
87	189	26		92	189	4		126	189	91		142	189	80		150	189	99
152	189	37		4	190	6		8	190	16		9	190	97		14	190	23
28	190	81		29	190	58		30	190	18		37	190	81		53	190	88
60	190	95		78	190	26		123	190	42		160	190	38		162	190	86
169	190	30		178	190	10		181	190	10		36	191	85		48	191	52
52	191	97		155	191	37		183	191	63		5	192	24		26	192	8
35	192	15		41	192	43		43	192	24		45	192	15		57	192	40
62	192	7		86	192	28		87	192	63		115	192	33		117	192	20
129	192	89		133	192	33		134	192	94		136	192	41		143	192	74
148	192	62		176	192	23		190	192	90		1	193	0		3	193	35
5	193	59		7	193	23		11	193	73		13	193	19		23	193	32
41	193	96		74	193	46		99	193	72		109	193	29		126	193	87
131	193	74		148	193	32		162	193	72		164	193	43		168	193	-94
13	194	45		39	194	23		94	194	40		98	194	100		113	194	26
128	194	64		157	194	68		167	194	51		180	194	58		11	195	-99
46	195	-83		52	195	27		80	195	10		99	195	8		162	195	55
165	195	4		2	196	63		5	196	98		21	196	13		24	196	79
54	196	10		61	196	23		65	196	-64		74	196	86		88	196	95
90	196	84		91	196	90		93	196	1		99	196	78		101	196	67
106	196	71		126	196	92		130	196	12		145	196	19		154	196	-33
173	196	0		193	196	62		29	197	-76		30	197	97		42	197	94
64	197	96		67	197	55		118	197	94		131	197	2		148	197	61
155	197	75		38	198	27		41	198	-93		42	198	40		45	198	38
60	198	-85		64	198	8		95	198	-93		110	198	38		117	198	32
118	198	51		132	198	-78		134	198	83		135	198	65		141	198	40
145	198	44		157	198	93		162	198	25		164	198	73		167	198	2
168	198	16		193	198	57		3	199	0		37	199	55		41	199	40
45	199	31		54	199	99		69	199	10		94	199	71		102	199	15
116	199	8		140	199	67		163	199	0		8	200	33		33	200	5
36	200	52		41	200	75		45	200	42		48	200	4		49	200	62
50	200	65		54	200	40		67	200	90		68	200	68		121	200	89
125	200	11		126	200	13		131	200	72		139	200	41		166	200	93
175	200	35		183	200	29		189	200	51		6	201	0		13	201	52
22	201	41		24	201	56		30	201	52		31	201	0		41	201	96
45	201	25		48	201	68		49	201	44		50	201	28		54	201	45
80	201	90		102	201	53		126	201	81		148	201	49		185	201	25
3	202	0		38	202	60		49	202	84		50	202	50		52	202	87
69	202	79		75	202	75		81	202	1		87	202	90		109	202	52
120	202	91		135	202	57		147	202	40		148	202	79		150	202	0
153	202	17		154	202	7		157	202	36		164	202	52		183	202	67
199	202	63		3	203	82		17	203	83		18	203	81		24	203	93
55	203	28		77	203	-16		79	203	73		127	203	21		128	203	77
140	203	81		150	203	17		185	203	40		197	203	42		16	204	-36
26	204	43		62	204	62		70	204	86		76	204	23		79	204	51
92	204	100		169	204	95		178	204	55		16	205	50		21	205	57
25	205	31		34	205	60		52	205	21		102	205	61		110	205	41
128	205	17		146	205	6		148	205	30		177	205	28		200	205	85
203	205	54		12	206	58		37	206	99		72	206	69		73	206	15
98	206	-61		106	206	87		111	206	98		119	206	11		123	206	37
150	206	50		154	206	92		186	206	98		198	206	0		5	207	1
7	207	95		11	207	48		23	207	55		36	207	0		48	207	10
69	207	3		74	207	90		78	207	33		89	207	95		101	207	51
105	207	78		127	207	66		150	207	3		197	207	58		206	207	74
6	208	-26		48	208	46		58	208	61		88	208	60		106	208	22
108	208	72		111	208	40		119	208	29		120	208	23		129	208	44
132	208	35		140	208	0		150	208	75		178	208	16		198	208	13
2	209	17		3	209	97		31	209	67		34	209	53		88	209	22
95	209	69		105	209	20		112	209	65		115	209	78		116	209	29
139	209	55		146	209	10		167	209	73		181	209	12		182	209	0
183	209	66		8	210	61		9	210	36		21	210	30		23	210	21
43	210	11		67	210	59		96	210	25		98	210	91		110	210	16
111	210	65		124	210	0		125	210	28		150	210	2		153	210	85
178	210	1		186	210	80		193	210	53		195	210	16		203	210	21
10	211	69		12	211	54		14	211	29		20	211	47		43	211	15
53	211	35		116	211	67		127	211	96		130	211	39		141	211	-52
145	211	56		148	211	10		159	211	67		190	211	21		7	212	46
42	212	77		72	212	20		76	212	39		78	212	23		95	212	57
100	212	8		107	212	84		138	212	89		150	212	8		164	212	70
168	212	78		176	212	68		196	212	70		206	212	44		14	213	83
42	213	31		85	213	23		86	213	0		164	213	56		166	213	36
170	213	17		175	213	15		187	213	71		193	213	55		207	213	91
212	213	21		10	214	37		19	214	-60		25	214	8		46	214	20
53	214	55		94	214	49		147	214	8		163	214	90		168	214	28
179	214	-43		194	214	51		2	215	21		11	215	99		29	215	7
38	215	35		40	215	47		58	215	22		63	215	60		65	215	3
72	215	13		73	215	79		85	215	14		147	215	13		158	215	16
169	215	54		183	215	10		189	215	81		2	216	89		14	216	71
24	216	37		36	216	19		72	216	13		74	216	37		75	216	2
97	216	11		121	216	42		150	216	35		186	216	63		209	216	18
210	216	69		2	217	77		15	217	93		39	217	27		44	217	43
63	217	62		69	217	27		74	217	70		80	217	52		83	217	100
142	217	13		145	217	45		146	217	14		162	217	45		10	218	38
43	218	9		44	218	23		56	218	92		68	218	-51		118	218	20
129	218	86		176	218	55		184	218	53		188	218	76		206	218	79
212	218	15		3	219	72		24	219	9		26	219	40		29	219	36
39	219	77		46	219	15		94	219	34		103	219	11		142	219	35
156	219	0		172	219	89		213	219	45		217	219	57		218	219	47
3	220	20		12	220	5		17	220	27		46	220	3		52	220	100
77	220	-24		83	220	37		105	220	77		114	220	58		126	220	4
145	220	43		146	220	8		148	220	78		197	220	10		206	220	47
44	221	30		45	221	90		89	221	89		96	221	48		101	221	57
107	221	47		126	221	3		155	221	12		186	221	87		220	221	4
9	222	70		21	222	76		42	222	95		63	222	89		93	222	87
99	222	5		116	222	41		132	222	57		147	222	45		148	222	18
172	222	41		199	222	-46		202	222	29		220	222	17		20	223	92
24	223	60		30	223	41		32	223	0		34	223	15		41	223	24
50	223	66		77	223	55		85	223	66		135	223	0		148	223	25
162	223	53		171	223	0		181	223	83		186	223	17		190	223	50
206	223	99		6	224	-72		49	224	50		64	224	39		71	224	58
72	224	-67		121	224	2		122	224	76		146	224	41		155	224	47
173	224	16		184	224	18		1	225	24		14	225	89		18	225	44
23	225	76		38	225	43		78	225	41		116	225	74		118	225	61
120	225	-41		122	225	45		127	225	81		177	225	86		182	225	79
198	225	-65		204	225	49		205	225	58		207	225	16		211	225	95
224	225	28		1	226	45		12	226	27		23	226	5		38	226	99
65	226	98		85	226	15		87	226	0		92	226	100		100	226	40
149	226	81		153	226	79		155	226	34		170	226	76		174	226	39
195	226	52		4	227	-53		12	227	16		26	227	25		45	227	58
61	227	60		63	227	98		69	227	9		79	227	84		80	227	24
87	227	42		106	227	6		115	227	9		121	227	99		130	227	21
136	227	8		164	227	20		196	227	88		212	227	12		4	228	57
7	228	77		27	228	-16		44	228	40		87	228	23		88	228	44
90	228	2		97	228	2		136	228	72		154	228	17		164	228	98
174	228	18		177	228	38		200	228	-84		216	228	80		35	229	-36
58	229	18		109	229	3		122	229	79		157	229	-11		162	229	75
182	229	74		183	229	63		213	229	92		226	229	98		228	229	22
44	230	39		47	230	45		54	230	8		109	230	17		136	230	59
138	230	98		190	230	23		26	231	68		38	231	90		64	231	69
85	231	65		101	231	74		111	231	60		115	231	99		119	231	3
121	231	96		146	231	65		181	231	25		185	231	1		190	231	25
196	231	81		197	231	67		208	231	75		210	231	11		6	232	26
18	232	26		26	232	87		54	232	7		62	232	0		64	232	41
155	232	83		185	232	45		196	232	51		218	232	82		219	232	9
228	232	7		6	233	95		23	233	21		30	233	68		33	233	35
52	233	30		66	233	0		70	233	22		86	233	19		92	233	97
94	233	98		114	233	0		161	233	0		165	233	-43		180	233	58
196	233	69		210	233	-70		224	233	19		225	233	75		227	233	62
228	233	91		16	234	87		21	234	89		22	234	22		23	234	98
53	234	16		68	234	56		100	234	1		115	234	26		211	234	2
212	234	36		222	234	34		3	235	-61		5	235	98		19	235	60
32	235	48		41	235	6		48	235	93		65	235	16		85	235	69
122	235	22		131	235	0		133	235	0		135	235	2		155	235	3
156	235	28		168	235	28		169	235	77		173	235	8		194	235	-91
199	235	87		200	235	25		207	235	27		210	235	64		234	235	26
1	236	87		9	236	51		28	236	19		40	236	68		47	236	5
59	236	-20		83	236	79		84	236	91		88	236	99		127	236	48
137	236	98		144	236	59		146	236	64		178	236	84		186	236	30
192	236	86		204	236	74		15	237	16		18	237	52		27	237	5
28	237	37		42	237	7		46	237	32		60	237	90		63	237	58
67	237	14		76	237	33		83	237	99		92	237	52		95	237	-42
134	237	82		150	237	11		165	237	14		201	237	31		206	237	89
235	237	79		4	238	0		8	238	55		15	238	91		23	238	11
27	238	81		40	238	56		66	238	32		70	238	98		75	238	59
84	238	82		111	238	72		131	238	83		142	238	0		145	238	92
181	238	33		188	238	78		202	238	0		225	238	8		1	239	90
5	239	22		34	239	67		45	239	93		51	239	-17		57	239	0
62	239	78		64	239	32		66	239	49		111	239	70		124	239	63
133	239	58		145	239	11		164	239	52		165	239	96		171	239	73
180	239	66		197	239	49		207	239	87		208	239	100		226	239	71
231	239	53		45	240	0		51	240	47		88	240	38		95	240	19
115	240	0		130	240	35		150	240	50		151	240	-48		162	240	96
164	240	15		185	240	24		195	240	79		196	240	92		211	240	68
214	240	14		222	240	67		229	240	47		23	241	2		27	241	97
30	241	41		40	241	27		82	241	75		101	241	-41		110	241	19
111	241	12		141	241	79		144	241	15		164	241	67		172	241	17
201	241	17		214	241	61		215	241	100		218	241	59		226	241	8
236	241	69		3	242	63		37	242	23		40	242	17		48	242	10
75	242	81		84	242	55		92	242	8		127	242	40		141	242	100
144	242	81		173	242	56		178	242	70		179	242	75		204	242	83
2	243	100		14	243	42		37	243	15		41	243	22		54	243	83
60	243	66		74	243	39		80	243	65		90	243	28		92	243	76
94	243	46		124	243	99		144	243	2		168	243	44		184	243	47
209	243	12		235	243	61		241	243	25		57	244	-57		84	244	18
114	244	33		116	244	91		124	244	4		127	244	36		128	244	-74
152	244	31		161	244	7		215	244	79		225	244	33		14	245	31
17	245	19		19	245	23		21	245	9		32	245	19		34	245	28
57	245	-58		69	245	-77		77	245	84		105	245	78		108	245	0
124	245	10		160	245	99		176	245	15		177	245	26		193	245	8
197	245	69		198	245	35		220	245	73		237	245	81		11	246	0
26	246	-67		42	246	6		59	246	72		61	246	67		67	246	13
77	246	85		80	246	78		98	246	77		107	246	71		138	246	21
153	246	-26		181	246	82		192	246	24		197	246	78		198	246	90
212	246	49		238	246	0		241	246	13		20	247	70		23	247	89
35	247	27		46	247	34		59	247	25		78	247	25		104	247	84
119	247	81		123	247	10		133	247	56		154	247	0		197	247	8
199	247	80		206	247	79		11	248	67		20	248	93		30	248	45
31	248	23		49	248	100		104	248	29		128	248	55		137	248	45
153	248	76		174	248	7		186	248	59		198	248	43		217	248	12
10	249	-72		12	249	11		48	249	44		50	249	35		51	249	54
71	249	70		114	249	82		154	249	15		157	249	67		185	249	-46
10	250	14		11	250	83		16	250	13		39	250	41		40	250	61
41	250	21		59	250	35		61	250	80		118	250	62		134	250	55
152	250	11		156	250	-53		166	250	43		189	250	57		191	250	-37
209	250	14		247	250	56		4	251	26		32	251	66		43	251	9
125	251	1		137	251	36		173	251	10		177	251	79		244	251	32
26	252	49		64	252	-46		78	252	8		81	252	31		98	252	64
102	252	0		104	252	21		106	252	46		113	252	-18		137	252	61
139	252	60		179	252	71		184	252	29		192	252	78		199	252	42
200	252	5		204	252	69		215	252	86		14	253	23		22	253	47
28	253	77		34	253	59		36	253	6		48	253	15		50	253	69
58	253	85		107	253	16		113	253	54		125	253	85		131	253	71
149	253	-42		154	253	61		159	253	10		168	253	43		169	253	4
204	253	11		210	253	0		211	253	17		225	253	37		243	253	85
252	253	83		36	254	61		37	254	48		86	254	52		91	254	96
103	254	-71		117	254	69		120	254	33		129	254	-3		131	254	44
135	254	72		138	254	95		209	254	14		210	254	22		211	254	92
228	254	80		253	254	74		38	255	-48		40	255	35		68	255	92
87	255	77		96	255	15		106	255	89		110	255	30		139	255	-66
157	255	3		179	255	72		199	255	64		213	255	-8		243	255	54
4	256	22		29	256	0		38	256	85		40	256	13		42	256	45
49	256	98		56	256	24		62	256	64		87	256	34		96	256	58
143	256	96		148	256	32		150	256	39		157	256	46		172	256	25
185	256	99		190	256	67		193	256	63		197	256	-19		205	256	68
220	256	87		251	256	52		19	257	30		22	257	46		34	257	52
49	257	32		63	257	50		77	257	6		87	257	45		93	257	36
98	257	84		108	257	64		115	257	46		118	257	18		138	257	79
139	257	74		142	257	78		146	257	78		164	257	79		171	257	84
187	257	92		201	257	12		220	257	71		226	257	99		250	257	57
255	257	65		17	258	34		31	258	5		53	258	40		56	258	66
61	258	37		98	258	15		123	258	80		138	258	34		172	258	95
173	258	45		188	258	66		193	258	71		219	258	8		227	258	27
232	258	86		237	258	-8		241	258	45		11	259	35		16	259	19
25	259	41		38	259	39		39	259	99		42	259	68		44	259	96
47	259	63		60	259	68		66	259	97		80	259	42		101	259	-34
102	259	48		105	259	14		113	259	52		149	259	58		160	259	100
197	259	23		216	259	71		219	259	41		225	259	28		228	259	9
258	259	46		2	260	87		27	260	39		30	260	76		37	260	11
39	260	37		42	260	70		49	260	77		50	260	68		67	260	44
79	260	4		85	260	89		105	260	3		112	260	84		132	260	36
141	260	58		149	260	23		161	260	75		180	260	31		182	260	13
207	260	57		214	260	72		226	260	83		241	260	21		28	261	79
39	261	19		63	261	92		70	261	35		78	261	52		123	261	25
128	261	100		168	261	66		172	261	59		188	261	56		189	261	1
203	261	65		5	262	64		7	262	82		32	262	35		44	262	58
47	262	68		51	262	34		53	262	14		72	262	49		91	262	32
113	262	18		118	262	30		122	262	-17		150	262	41		154	262	42
190	262	1		203	262	81		256	262	13		18	263	53		19	263	32
55	263	83		57	263	50		76	263	67		154	263	66		165	263	-41
167	263	99		196	263	2		236	263	89		240	263	32		244	263	55
253	263	81		7	264	78		11	264	62		25	264	97		27	264	69
33	264	15		40	264	62		86	264	35		97	264	33		99	264	90
163	264	30		171	264	47		187	264	25		188	264	84		236	264	36
237	264	92		254	264	66		263	264	82		10	265	13		23	265	86
31	265	29		60	265	88		73	265	91		74	265	8		84	265	53
91	265	49		95	265	72		99	265	57		104	265	97		122	265	14
149	265	75		165	265	48		189	265	74		215	265	66		220	265	30
227	265	100		240	265	8		257	265	33		16	266	45		17	266	63
20	266	0		59	266	98		81	266	-5		88	266	53		99	266	41
100	266	66		112	266	32		117	266	61		126	266	6		140	266	0
160	266	60		198	266	8		219	266	36		220	266	70		241	266	66
252	266	2		7	267	92		20	267	49		22	267	41		37	267	89
42	267	-53		53	267	24		67	267	90		70	267	87		78	267	83
98	267	37		109	267	78		111	267	43		133	267	26		146	267	37
156	267	86		160	267	50		172	267	91		182	267	84		186	267	86
189	267	75		215	267	82		223	267	37		238	267	45		249	267	100
255	267	58		27	268	27		44	268	19		61	268	95		69	268	0
76	268	91		77	268	47		94	268	80		118	268	2		125	268	19
137	268	96		139	268	49		153	268	93		154	268	25		165	268	30
166	268	96		182	268	16		190	268	76		193	268	54		220	268	55
224	268	62		231	268	7		237	268	21		262	268	29		5	269	13
14	269	76		32	269	60		38	269	54		56	269	81		72	269	84
83	269	70		89	269	33		95	269	82		118	269	91		120	269	21
139	269	82		149	269	88		154	269	26		162	269	67		166	269	94
182	269	62		205	269	22		213	269	60		218	269	39		236	269	59
237	269	55		255	269	2		268	269	98		4	270	85		8	270	10
9	270	77		11	270	47		18	270	6		32	270	16		35	270	80
37	270	40		61	270	36		74	270	72		86	270	20		101	270	57
132	270	52		160	270	27		176	270	63		179	270	83		194	270	70
211	270	37		213	270	11		221	270	94		229	270	44		246	270	-47
248	270	50		259	270	68		267	270	52		17	271	98		38	271	65
81	271	16		82	271	6		99	271	46		116	271	75		118	271	86
123	271	30		184	271	47		227	271	76		231	271	21		237	271	65
242	271	-64		253	271	13		257	271	22		264	271	10		21	272	22
34	272	1		53	272	35		78	272	56		96	272	79		109	272	2
138	272	15		193	272	82		205	272	59		217	272	0		231	272	7
233	272	23		244	272	18		267	272	7		268	272	26		16	273	52
31	273	68		32	273	48		33	273	24		48	273	-38		52	273	57
57	273	37		65	273	25		82	273	27		98	273	72		116	273	22
117	273	27		126	273	91		129	273	13		136	273	-28		142	273	53
156	273	10		166	273	17		213	273	80		217	273	87		220	273	10
221	273	11		240	273	88		244	273	25		269	273	7		11	274	1
29	274	86		33	274	49		36	274	38		37	274	100		55	274	11
60	274	63		71	274	-38		82	274	63		101	274	57		103	274	59
132	274	43		143	274	0		160	274	3		202	274	-49		273	274	16
1	275	16		11	275	24		16	275	7		38	275	56		53	275	89
57	275	58		69	275	11		81	275	48		97	275	62		102	275	-73
109	275	74		116	275	72		121	275	59		131	275	16		152	275	85
153	275	0		159	275	13		173	275	0		180	275	3		201	275	47
225	275	80		240	275	89		8	276	12		9	276	86		20	276	91
39	276	43		80	276	72		85	276	89		91	276	51		95	276	78
97	276	27		108	276	34		114	276	51		118	276	65		129	276	51
130	276	12		131	276	75		137	276	94		156	276	49		179	276	100
184	276	4		187	276	67		192	276	4		193	276	88		200	276	87
234	276	36		242	276	31		257	276	83		2	277	25		44	277	91
46	277	39		52	277	64		86	277	42		109	277	26		115	277	41
118	277	40		121	277	8		131	277	35		133	277	33		155	277	28
174	277	27		207	277	57		223	277	98		228	277	87		258	277	98
274	277	38		33	278	71		35	278	-59		40	278	20		51	278	49
65	278	51		97	278	75		108	278	3		110	278	26		133	278	73
136	278	16		143	278	20		177	278	52		186	278	71		192	278	80
194	278	13		219	278	26		223	278	43		238	278	11		242	278	95
263	278	65		6	279	54		20	279	8		21	279	79		28	279	64
72	279	-96		82	279	28		103	279	10		110	279	92		128	279	40
131	279	12		139	279	88		162	279	6		194	279	69		196	279	81
203	279	98		208	279	95		216	279	40		231	279	11		236	279	96
247	279	91		256	279	96		273	279	98		17	280	9		24	280	-33
27	280	48		52	280	40		116	280	63		135	280	86		140	280	-92
162	280	98		163	280	46		177	280	7		180	280	58		208	280	30
217	280	47		238	280	7		243	280	38		269	280	37		18	281	67
23	281	97		27	281	31		33	281	78		43	281	97		44	281	11
52	281	91		53	281	78		57	281	79		62	281	27		87	281	10
111	281	17		128	281	33		142	281	6		145	281	0		147	281	25
164	281	39		177	281	99		179	281	79		181	281	17		193	281	41
216	281	60		217	281	14		220	281	-16		233	281	63		242	281	7
260	281	99		43	282	78		57	282	1		59	282	12		73	282	55
100	282	55		102	282	91		107	282	34		122	282	20		127	282	52
130	282	78		142	282	30		166	282	47		171	282	98		176	282	27
192	282	98		198	282	23		200	282	97		205	282	77		219	282	22
260	282	40		268	282	68		271	282	80		273	282	29		15	283	-48
19	283	61		28	283	22		43	283	19		49	283	57		53	283	69
84	283	38		89	283	14		114	283	23		124	283	57		154	283	40
163	283	2		168	283	94		170	283	63		198	283	8		199	283	31
201	283	95		208	283	1		221	283	62		234	283	85		246	283	-59
261	283	6		271	283	69		3	284	83		11	284	44		15	284	24
40	284	29		57	284	100		125	284	24		137	284	85		163	284	74
165	284	28		167	284	7		183	284	90		187	284	27		195	284	1
198	284	88		203	284	81		204	284	32		206	284	-100		213	284	47
222	284	37		257	284	76		259	284	73		273	284	93		3	285	0
11	285	1		14	285	69		19	285	76		27	285	27		50	285	93
82	285	36		84	285	72		88	285	44		125	285	93		128	285	51
141	285	9		176	285	32		191	285	11		204	285	40		220	285	91
273	285	11		12	286	85		22	286	55		43	286	80		47	286	-51
61	286	55		69	286	86		91	286	28		93	286	19		117	286	28
160	286	28		185	286	27		196	286	88		202	286	65		219	286	30
226	286	38		228	286	76		252	286	51		258	286	88		16	287	-22
30	287	93		70	287	27		89	287	18		118	287	81		132	287	46
152	287	79		161	287	58		172	287	22		226	287	91		230	287	0
259	287	81		261	287	56		266	287	2		271	287	71		6	288	-95
12	288	62		31	288	60		70	288	18		95	288	99		120	288	53
122	288	73		125	288	39		142	288	83		148	288	50		182	288	0
201	288	76		206	288	17		219	288	38		240	288	91		248	288	97
250	288	83		12	289	-94		26	289	-94		48	289	-29		81	289	8
85	289	8		94	289	50		111	289	72		119	289	-87		136	289	27
141	289	35		144	289	82		174	289	7		182	289	21		191	289	90
243	289	58		257	289	91		263	289	14		271	289	28		86	290	36
91	290	100		95	290	-87		113	290	43		130	290	40		154	290	76
167	290	10		176	290	-75		182	290	52		201	290	85		202	290	89
215	290	7		249	290	75		270	290	42		274	290	25		10	291	64
11	291	78		22	291	54		23	291	19		47	291	54		54	291	-79
64	291	42		75	291	99		76	291	98		79	291	96		134	291	39
164	291	8		166	291	95		203	291	26		204	291	40		272	291	4
281	291	69		55	292	0		67	292	28		80	292	14		81	292	79
117	292	99		131	292	8		138	292	5		168	292	12		173	292	85
188	292	95		221	292	2		268	292	15		30	293	49		52	293	0
57	293	-81		92	293	62		102	293	63		105	293	47		106	293	7
125	293	96		130	293	96		183	293	20		201	293	55		230	293	47
232	293	55		261	293	41		266	293	90		290	293	49		3	294	85
7	294	33		9	294	-68		34	294	62		51	294	0		57	294	24
60	294	0		73	294	50		92	294	48		99	294	70		115	294	32
138	294	18		171	294	-44		175	294	-47		181	294	15		189	294	93
219	294	44		225	294	55		241	294	34		258	294	16		269	294	82
276	294	83		280	294	80		4	295	70		23	295	55		26	295	77
65	295	-11		74	295	78		77	295	31		102	295	16		112	295	95
115	295	37		119	295	45		125	295	84		128	295	78		131	295	15
134	295	51		154	295	7		160	295	58		170	295	68		174	295	12
191	295	11		233	295	95		272	295	27		273	295	8		282	295	12
285	295	14		31	296	28		46	296	15		96	296	0		112	296	26
114	296	18		124	296	0		145	296	-35		150	296	70		197	296	15
199	296	77		201	296	20		243	296	23		246	296	54		249	296	13
270	296	41		280	296	3		295	296	53		22	297	69		31	297	62
82	297	9		88	297	72		89	297	43		104	297	70		166	297	3
176	297	33		208	297	78		241	297	39		244	297	34		254	297	2
256	297	69		3	298	6		30	298	0		47	298	59		83	298	43
102	298	35		108	298	99		112	298	97		116	298	92		118	298	47
119	298	24		125	298	51		126	298	14		149	298	86		153	298	78
157	298	-73		204	298	28		256	298	99		276	298	81		8	299	78
36	299	90		40	299	-65		71	299	75		81	299	-42		89	299	38
114	299	45		122	299	57		128	299	58		129	299	95		142	299	81
144	299	88		151	299	71		182	299	64		226	299	50		275	299	81
20	300	76		46	300	2		66	300	61		68	300	34		73	300	7
107	300	5		150	300	6		155	300	80		160	300	0		179	300	44
181	300	67		186	300	74		198	300	62		294	300	20		299	300	51
24	301	83		46	301	77		81	301	63		88	301	77		92	301	58
95	301	63		103	301	97		129	301	35		160	301	68		163	301	37
215	301	5		276	301	94		283	301	38		286	301	94		288	301	40
296	301	8		300	301	25		7	302	82		24	302	98		57	302	76
69	302	16		72	302	5		88	302	38		99	302	73		117	302	60
133	302	35		169	302	-9		175	302	77		193	302	73		199	302	49
205	302	-10		208	302	96		225	302	15		226	302	92		227	302	40
244	302	42		248	302	7		250	302	76		23	303	18		26	303	24
33	303	67		47	303	0		58	303	-14		64	303	21		78	303	33
79	303	99		86	303	0		95	303	15		114	303	67		122	303	29
123	303	99		144	303	36		159	303	-62		175	303	15		177	303	51
199	303	80		210	303	73		221	303	72		237	303	76		248	303	27
258	303	40		275	303	26		282	303	61		297	303	7		9	304	38
14	304	53		37	304	-33		101	304	90		104	304	13		107	304	85
137	304	51		157	304	66		161	304	40		171	304	21		177	304	22
182	304	63		185	304	-54		204	304	78		205	304	51		212	304	48
215	304	29		237	304	85		248	304	95		256	304	20		264	304	31
284	304	58		18	305	42		23	305	33		27	305	79		35	305	-81
49	305	78		51	305	43		53	305	79		70	305	85		111	305	17
120	305	64		135	305	64		138	305	66		182	305	87		191	305	16
204	305	66		211	305	63		237	305	87		242	305	86		253	305	-57
271	305	-62		274	305	87		288	305	15		3	306	60		5	306	-55
7	306	39		12	306	90		23	306	17		72	306	2		100	306	44
120	306	97		128	306	49		134	306	52		152	306	97		174	306	19
190	306	29		220	306	0		224	306	-69		267	306	50		273	306	98
5	307	19		7	307	98		8	307	22		12	307	24		20	307	25
53	307	1		60	307	66		97	307	28		108	307	44		120	307	31
126	307	23		128	307	47		145	307	29		153	307	67		171	307	26
174	307	74		184	307	0		190	307	80		228	307	2		259	307	88
262	307	45		269	307	29		306	307	94		10	308	78		16	308	19
25	308	-72		36	308	24		55	308	-25		73	308	58		99	308	7
190	308	23		212	308	36		228	308	14		242	308	73		256	308	42
260	308	39		263	308	37		272	308	76		274	308	12		297	308	97
10	309	98		11	309	94		26	309	50		35	309	18		36	309	32
54	309	13		64	309	3		67	309	23		91	309	32		106	309	47
109	309	80		159	309	22		163	309	96		168	309	63		175	309	96
187	309	84		195	309	73		246	309	37		247	309	77		274	309	53
278	309	7		280	309	4		291	309	67		21	310	42		24	310	59
38	310	85		46	310	27		57	310	50		69	310	-57		75	310	34
76	310	52		81	310	-39		87	310	92		94	310	4		125	310	86
128	310	69		130	310	90		132	310	2		149	310	43		153	310	4
154	310	75		177	310	23		179	310	31		182	310	0		197	310	84
199	310	17		246	310	74		295	310	68		299	310	36		301	310	42
6	311	0		19	311	-22		29	311	24		83	311	3		84	311	41
90	311	64		92	311	79		97	311	55		99	311	54		124	311	11
125	311	91		150	311	66		153	311	35		172	311	90		189	311	57
210	311	34		231	311	89		233	311	86		253	311	43		269	311	9
292	311	70		302	311	85		309	311	73		2	312	68		8	312	35
12	312	62		86	312	26		89	312	27		103	312	65		130	312	37
135	312	55		136	312	0		148	312	21		158	312	-92		164	312	0
170	312	8		187	312	30		203	312	86		229	312	56		248	312	49
284	312	6		305	312	3		310	312	26		9	313	17		13	313	-44
18	313	28		24	313	63		29	313	62		36	313	87		39	313	3
40	313	11		51	313	34		64	313	95		80	313	70		98	313	8
113	313	-90		122	313	46		135	313	24		144	313	-80		156	313	-22
177	313	21		182	313	1		214	313	77		238	313	22		246	313	72
263	313	79		276	313	49		5	314	51		18	314	73		20	314	32
25	314	44		91	314	49		119	314	40		145	314	89		162	314	66
171	314	1		191	314	8		210	314	59		237	314	37		261	314	87
268	314	21		304	314	81		306	314	98		3	315	41		20	315	87
25	315	31		30	315	2		48	315	0		59	315	25		67	315	97
68	315	92		95	315	93		102	315	57		110	315	2		124	315	84
149	315	84		154	315	99		187	315	82		200	315	67		207	315	93
210	315	3		220	315	-26		228	315	61		230	315	11		238	315	88
257	315	91		279	315	63		283	315	21		295	315	90		302	315	65
25	316	79		26	316	10		77	316	71		86	316	64		126	316	88
152	316	55		167	316	-41		171	316	79		185	316	69		209	316	43
238	316	75		290	316	25		297	316	20		306	316	92		307	316	10
5	317	89		11	317	23		20	317	63		41	317	65		47	317	22
49	317	27		50	317	57		55	317	8		61	317	95		79	317	57
88	317	34		105	317	89		134	317	43		149	317	17		158	317	-9
182	317	36		185	317	28		195	317	48		218	317	17		231	317	20
257	317	12		262	317	81		267	317	95		278	317	74		279	317	60
298	317	95		301	317	77		315	317	70		316	317	40		8	318	10
21	318	67		22	318	75		25	318	14		28	318	-70		44	318	96
55	318	79		58	318	8		101	318	0		116	318	23		121	318	35
132	318	72		145	318	47		149	318	66		177	318	56		199	318	38
222	318	12		230	318	61		233	318	86		238	318	69		239	318	-74
245	318	0		252	318	33		284	318	44		286	318	0		294	318	74
296	318	61		8	319	56		28	319	27		47	319	61		51	319	94
62	319	57		74	319	16		104	319	59		106	319	1		112	319	65
124	319	5		125	319	33		138	319	21		148	319	62		160	319	62
168	319	39		173	319	89		181	319	-57		198	319	46		211	319	31
221	319	0		232	319	52		236	319	-81		245	319	34		294	319	73
313	319	7		317	319	85		8	320	72		61	320	41		82	320	98
83	320	28		89	320	3		90	320	35		100	320	19		106	320	13
111	320	-22		127	320	4		136	320	49		146	320	48		150	320	39
168	320	67		178	320	-98		193	320	-4		194	320	-37		208	320	78
210	320	100		227	320	100		250	320	10		251	320	61		269	320	54
294	320	36		305	320	98		18	321	6		22	321	85		32	321	0
60	321	44		79	321	49		83	321	40		95	321	39		101	321	45
124	321	53		129	321	60		137	321	95		146	321	82		148	321	84
157	321	7		159	321	64		161	321	4		171	321	31		182	321	72
192	321	93		209	321	71		225	321	38		227	321	8		282	321	7
289	321	16		293	321	15		3	322	88		7	322	8		8	322	72
32	322	-4		53	322	2		56	322	28		85	322	-13		86	322	53
95	322	16		111	322	-44		122	322	69		129	322	93		138	322	58
155	322	93		201	322	49		202	322	-53		212	322	43		245	322	24
276	322	79		281	322	55		289	322	11		299	322	62		300	322	-92
305	322	81		321	322	70		11	323	55		32	323	48		83	323	0
92	323	24		134	323	90		147	323	87		158	323	-31		171	323	44
177	323	76		217	323	0		247	323	61		248	323	83		253	323	66
256	323	39		265	323	90		269	323	86		278	323	48		279	323	51
311	323	74		34	324	62		56	324	71		68	324	92		104	324	96
130	324	7		139	324	96		146	324	87		156	324	53		158	324	26
159	324	50		169	324	85		177	324	31		179	324	7		203	324	90
206	324	-25		225	324	46		231	324	82		235	324	94		285	324	13
3	325	-39		15	325	77		25	325	7		36	325	41		53	325	97
57	325	39		70	325	30		72	325	41		83	325	64		97	325	83
110	325	44		118	325	25		142	325	51		149	325	88		151	325	97
218	325	27		241	325	78		243	325	3		244	325	72		272	325	61
277	325	73		278	325	17		285	325	72		322	325	91		5	326	-35
22	326	99		43	326	98		95	326	18		100	326	34		108	326	50
142	326	89		162	326	70		163	326	-86		164	326	75		190	326	53
192	326	25		197	326	36		198	326	55		215	326	60		220	326	37
224	326	36		246	326	83		255	326	10		267	326	88		278	326	41
298	326	8		313	326	60		324	326	49		2	327	4		7	327	65
22	327	94		28	327	49		32	327	32		36	327	52		41	327	37
43	327	99		48	327	-21		56	327	81		78	327	99		102	327	4
111	327	67		113	327	-36		118	327	80		125	327	43		133	327	1
144	327	54		146	327	14		154	327	84		170	327	57		171	327	51
181	327	32		182	327	86		197	327	66		223	327	18		225	327	36
232	327	62		238	327	52		254	327	93		262	327	46		263	327	2
285	327	54		288	327	15		289	327	56		294	327	-96		305	327	73
25	328	71		27	328	51		44	328	71		62	328	-21		88	328	-10
95	328	93		139	328	54		142	328	29		181	328	15		189	328	72
212	328	63		213	328	79		220	328	10		224	328	42		233	328	60
246	328	100		268	328	83		283	328	87		286	328	93		288	328	61
17	329	-68		51	329	32		53	329	70		68	329	15		82	329	25
105	329	9		115	329	39		142	329	11		167	329	30		171	329	65
175	329	41		187	329	97		198	329	45		200	329	55		204	329	22
209	329	78		221	329	62		243	329	28		248	329	4		260	329	63
267	329	1		280	329	31		288	329	38		295	329	93		305	329	62
306	329	70		308	329	55		314	329	58		328	329	42		4	330	99
10	330	41		17	330	98		69	330	0		81	330	89		82	330	25
84	330	86		92	330	82		108	330	31		121	330	91		139	330	68
150	330	2		196	330	44		214	330	84		230	330	28		245	330	88
254	330	21		261	330	37		266	330	72		274	330	1		288	330	72
323	330	47		6	331	-38		15	331	40		22	331	63		25	331	24
28	331	59		46	331	15		52	331	76		61	331	0		79	331	87
84	331	93		92	331	37		98	331	-22		109	331	96		125	331	11
160	331	78		190	331	69		197	331	10		207	331	49		219	331	2
229	331	34		243	331	61		247	331	14		263	331	67		269	331	21
285	331	13		298	331	-78		313	331	90		6	332	18		16	332	28
81	332	38		159	332	38		168	332	74		177	332	78		189	332	88
204	332	31		209	332	18		216	332	60		227	332	94		242	332	-61
251	332	61		255	332	95		259	332	100		279	332	-10		283	332	-76
298	332	16		301	332	69		325	332	57		330	332	73		82	333	91
90	333	14		95	333	32		106	333	89		131	333	93		134	333	68
147	333	89		157	333	77		186	333	56		188	333	68		189	333	96
196	333	8		218	333	42		228	333	79		239	333	-20		255	333	69
263	333	30		286	333	31		287	333	-70		318	333	32		19	334	93
23	334	8		25	334	2		27	334	83		56	334	80		58	334	67
60	334	16		69	334	56		102	334	89		122	334	38		139	334	29
146	334	69		173	334	56		202	334	32		204	334	75		217	334	54
221	334	48		242	334	82		245	334	14		251	334	67		255	334	22
304	334	10		307	334	45		333	334	31		12	335	85		19	335	78
32	335	100		34	335	12		36	335	34		37	335	64		48	335	10
73	335	84		78	335	57		96	335	56		101	335	29		112	335	51
126	335	37		136	335	30		167	335	61		170	335	53		183	335	92
194	335	66		244	335	46		309	335	50		331	335	22		10	336	33
12	336	78		26	336	76		31	336	15		33	336	-33		35	336	94
40	336	8		89	336	63		97	336	27		113	336	67		115	336	20
133	336	34		147	336	76		155	336	36		218	336	44		224	336	55
239	336	46		242	336	50		245	336	76		246	336	65		250	336	57
292	336	52		298	336	78		299	336	12		320	336	65		323	336	43
333	336	43		3	337	-73		42	337	-88		50	337	44		56	337	39
61	337	33		69	337	0		91	337	85		113	337	40		114	337	22
121	337	81		126	337	97		136	337	3		164	337	54		166	337	-81
181	337	100		185	337	22		205	337	40		226	337	33		246	337	74
250	337	100		266	337	45		294	337	42		311	337	18		323	337	19
324	337	29		330	337	78		334	337	29		2	338	67		4	338	77
53	338	83		81	338	32		127	338	11		134	338	19		135	338	-26
158	338	75		162	338	84		171	338	20		186	338	99		192	338	44
198	338	48		207	338	72		222	338	-38		223	338	75		225	338	92
228	338	32		241	338	66		245	338	42		249	338	94		250	338	64
289	338	33		292	338	4		5	339	77		18	339	15		38	339	88
41	339	42		59	339	69		71	339	8		90	339	44		115	339	38
122	339	18		173	339	30		189	339	33		207	339	59		216	339	84
291	339	0		294	339	86		312	339	71		314	339	98		325	339	39
3	340	0		41	340	31		59	340	79		69	340	10		84	340	71
99	340	0		113	340	3		141	340	89		145	340	15		154	340	59
162	340	2		179	340	5		184	340	7		191	340	68		204	340	2
216	340	2		223	340	88		235	340	18		245	340	59		247	340	98
263	340	31		265	340	2		266	340	27		285	340	56		294	340	31
295	340	55		307	340	6		17	341	67		23	341	28		35	341	49
46	341	52		61	341	39		131	341	56		146	341	58		192	341	53
196	341	87		199	341	2		240	341	69		251	341	97		273	341	4
274	341	32		285	341	82		287	341	64		320	341	4		335	341	12
340	341	89		11	342	59		39	342	-30		66	342	82		85	342	6
87	342	68		128	342	40		144	342	71		160	342	60		162	342	83
172	342	1		217	342	33		274	342	18		281	342	0		285	342	18
304	342	2		317	342	71		17	343	14		113	343	88		130	343	6
143	343	1		154	343	43		166	343	60		177	343	1		216	343	64
220	343	93		229	343	85		235	343	-89		272	343	39		279	343	35
294	343	9		299	343	21		305	343	6		323	343	64		331	343	81
332	343	13		334	343	62		24	344	21		31	344	10		47	344	43
72	344	2		95	344	38		108	344	33		130	344	94		136	344	75
142	344	47		143	344	63		157	344	7		161	344	86		195	344	0
213	344	17		226	344	29		279	344	100		283	344	56		287	344	29
319	344	97		343	344	26		25	345	-40		88	345	0		98	345	93
118	345	94		123	345	-52		130	345	-39		136	345	92		147	345	41
184	345	62		190	345	98		231	345	30		235	345	46		243	345	84
264	345	-27		266	345	21		283	345	99		288	345	2		315	345	-76
318	345	44		333	345	58		338	345	5		339	345	60		3	346	30
27	346	91		28	346	7		60	346	11		81	346	42		90	346	31
95	346	20		98	346	33		136	346	34		143	346	84		147	346	80
148	346	56		158	346	26		191	346	75		198	346	98		204	346	26
211	346	73		246	346	97		247	346	88		265	346	11		269	346	-17
273	346	46		275	346	39		292	346	20		305	346	0		337	346	3
12	347	85		14	347	0		20	347	-77		26	347	23		32	347	25
43	347	0		56	347	76		57	347	0		111	347	14		112	347	45
131	347	29		146	347	30		155	347	36		162	347	20		180	347	0
192	347	16		197	347	19		214	347	-45		269	347	66		282	347	6
310	347	-29		311	347	72		315	347	-66		321	347	94		328	347	42
6	348	73		7	348	58		38	348	87		40	348	-10		55	348	20
57	348	62		58	348	18		74	348	54		79	348	52		97	348	94
100	348	66		101	348	34		117	348	85		125	348	41		144	348	91
157	348	46		159	348	20		193	348	-46		220	348	74		227	348	51
238	348	43		255	348	82		297	348	16		311	348	25		18	349	65
50	349	34		110	349	15		125	349	18		141	349	-86		183	349	53
204	349	100		225	349	53		232	349	31		243	349	13		261	349	55
269	349	31		272	349	4		288	349	30		308	349	60		310	349	74
319	349	90		328	349	31		347	349	79		348	349	12		36	350	99
40	350	69		74	350	90		77	350	46		103	350	60		113	350	17
140	350	0		145	350	57		166	350	98		177	350	17		202	350	58
231	350	88		259	350	39		261	350	81		264	350	26		268	350	12
272	350	87		301	350	11		309	350	31		337	350	40		17	351	22
28	351	5		32	351	3		35	351	52		46	351	20		48	351	10
80	351	65		148	351	35		166	351	47		170	351	96		176	351	50
179	351	11		184	351	8		186	351	27		229	351	51		282	351	82
286	351	48		339	351	37		30	352	65		37	352	23		41	352	52
48	352	41		70	352	68		79	352	66		94	352	0		99	352	37
124	352	95		141	352	7		150	352	33		152	352	-96		162	352	88
164	352	23		180	352	37		196	352	31		213	352	52		214	352	32
217	352	55		240	352	72		256	352	13		259	352	91		303	352	-2
328	352	28		335	352	72		348	352	100		18	353	5		50	353	33
58	353	81		68	353	86		80	353	52		85	353	35		99	353	52
102	353	32		105	353	50		108	353	34		109	353	21		126	353	10
142	353	16		145	353	-24		157	353	47		162	353	39		170	353	88
177	353	56		184	353	85		200	353	79		221	353	29		233	353	91
243	353	53		253	353	40		260	353	-42		276	353	2		294	353	5
301	353	90		309	353	92		321	353	76		337	353	31		38	354	-54
89	354	-93		105	354	61		107	354	67		132	354	51		151	354	5
157	354	47		175	354	92		183	354	8		246	354	8		252	354	59
253	354	37		260	354	65		264	354	54		265	354	43		286	354	100
321	354	93		326	354	-93		22	355	-55		83	355	87		92	355	0
107	355	5		108	355	53		129	355	-53		130	355	59		146	355	16
155	355	41		166	355	19		187	355	75		240	355	8		248	355	88
265	355	49		267	355	-30		269	355	49		278	355	100		288	355	51
326	355	96		339	355	27		340	355	0		13	356	-15		22	356	91
90	356	49		118	356	2		121	356	87		175	356	38		200	356	26
209	356	26		219	356	43		256	356	64		257	356	60		264	356	12
287	356	7		291	356	63		313	356	30		322	356	57		350	356	6
22	357	49		38	357	21		72	357	85		81	357	52		87	357	50
101	357	3		107	357	84		145	357	12		146	357	27		158	357	56
201	357	98		204	357	52		206	357	5		220	357	25		233	357	29
234	357	23		239	357	62		244	357	37		262	357	65		270	357	61
290	357	29		296	357	0		305	357	77		350	357	97		354	357	89
7	358	-44		19	358	64		32	358	71		33	358	55		41	358	28
44	358	11		46	358	0		76	358	14		84	358	43		91	358	14
97	358	49		115	358	47		127	358	48		141	358	16		178	358	73
184	358	25		187	358	72		196	358	18		202	358	74		204	358	87
214	358	72		215	358	50		235	358	79		269	358	48		272	358	13
281	358	41		292	358	-94		294	358	2		304	358	75		310	358	4
340	358	77		353	358	54		3	359	6		12	359	39		31	359	93
53	359	84		59	359	10		92	359	26		115	359	23		125	359	71
127	359	8		150	359	95		167	359	4		177	359	59		183	359	12
235	359	12		248	359	17		269	359	80		289	359	61		300	359	-14
313	359	1		331	359	13		337	359	56		356	359	0		17	360	-47
19	360	90		28	360	89		35	360	6		72	360	38		147	360	82
168	360	15		188	360	82		197	360	2		235	360	89		274	360	-81
277	360	45		305	360	99		315	360	65		351	360	80		354	360	83
43	361	80		81	361	47		98	361	80		109	361	49		124	361	27
131	361	77		132	361	83		148	361	31		158	361	59		167	361	93
175	361	96		182	361	88		183	361	1		209	361	51		258	361	59
305	361	18		334	361	87		344	361	35		348	361	16		356	361	56
357	361	61		7	362	-88		8	362	82		21	362	0		46	362	22
63	362	0		66	362	78		67	362	0		76	362	63		105	362	47
109	362	68		160	362	2		167	362	77		182	362	83		202	362	68
206	362	48		225	362	77		232	362	81		271	362	4		277	362	6
284	362	-82		287	362	11		345	362	57		348	362	65		5	363	0
16	363	0		49	363	92		90	363	33		110	363	31		112	363	79
123	363	91		133	363	10		140	363	12		155	363	1		181	363	84
184	363	47		210	363	84		225	363	71		240	363	80		260	363	33
273	363	11		285	363	4		289	363	-23		314	363	35		318	363	54
329	363	61		31	364	52		49	364	88		52	364	25		57	364	51
62	364	16		70	364	37		97	364	68		103	364	58		121	364	63
139	364	89		143	364	-73		155	364	33		156	364	81		167	364	22
168	364	35		225	364	62		259	364	45		264	364	70		270	364	21
273	364	96		274	364	52		278	364	69		280	364	-3		293	364	34
298	364	44		302	364	36		317	364	49		359	364	42		20	365	-24
24	365	41		41	365	23		49	365	44		91	365	87		118	365	81
123	365	65		134	365	28		152	365	-10		168	365	28		178	365	64
179	365	71		189	365	75		190	365	24		195	365	56		202	365	16
214	365	15		225	365	76		239	365	95		275	365	69		291	365	23
325	365	26		329	365	73		334	365	77		340	365	42		341	365	78
349	365	93		359	365	63		8	366	70		20	366	81		47	366	100
58	366	57		61	366	1		74	366	82		76	366	60		122	366	5
161	366	33		179	366	59		190	366	100		196	366	44		213	366	7
219	366	55		276	366	50		321	366	29		324	366	-28		326	366	53
341	366	40		347	366	92		350	366	-5		39	367	0		83	367	99
101	367	63		110	367	73		117	367	-19		118	367	29		146	367	8
149	367	35		171	367	-4		181	367	65		182	367	44		183	367	93
187	367	77		198	367	68		219	367	44		231	367	46		233	367	84
248	367	6		259	367	98		265	367	96		266	367	-73		285	367	18
289	367	29		317	367	46		341	367	25		2	368	2		18	368	56
20	368	31		33	368	14		57	368	70		59	368	99		64	368	-56
86	368	31		99	368	75		109	368	16		117	368	82		123	368	81
132	368	67		146	368	0		154	368	-3		171	368	37		214	368	31
215	368	43		235	368	26		276	368	23		282	368	41		285	368	87
297	368	72		307	368	84		329	368	31		339	368	82		29	369	-18
51	369	100		52	369	23		64	369	41		72	369	96		94	369	87
100	369	64		119	369	93		135	369	-32		149	369	97		159	369	8
171	369	40		172	369	23		196	369	31		206	369	76		210	369	49
217	369	50		218	369	59		219	369	48		229	369	26		247	369	5
268	369	46		277	369	67		280	369	35		311	369	24		316	369	1
7	370	87		20	370	38		36	370	51		43	370	86		44	370	44
118	370	1		144	370	47		154	370	28		172	370	67		174	370	63
196	370	13		203	370	57		206	370	48		214	370	18		245	370	22
261	370	0		277	370	64		278	370	44		328	370	27		357	370	64
361	370	92		367	370	25		4	371	46		13	371	0		43	371	53
111	371	48		125	371	62		132	371	63		140	371	81		155	371	41
170	371	12		174	371	13		181	371	90		217	371	42		236	371	-46
260	371	93		286	371	50		307	371	7		317	371	12		331	371	73
15	372	18		24	372	12		27	372	76		45	372	55		57	372	26
85	372	94		114	372	0		147	372	52		165	372	0		189	372	37
192	372	7		201	372	72		212	372	76		220	372	84		254	372	50
276	372	95		280	372	37		283	372	97		292	372	13		294	372	96
297	372	50		298	372	92		302	372	57		309	372	84		313	372	86
324	372	1		363	372	42		368	372	51		15	373	15		24	373	65
25	373	40		41	373	31		56	373	0		59	373	94		64	373	57
93	373	-37		135	373	42		149	373	54		151	373	62		175	373	35
183	373	50		189	373	38		190	373	28		202	373	97		246	373	81
264	373	83		274	373	13		284	373	16		299	373	75		310	373	12
311	373	63		337	373	48		360	373	12		15	374	100		32	374	0
78	374	22		83	374	91		87	374	86		121	374	82		145	374	38
209	374	13		231	374	51		238	374	8		257	374	-53		260	374	57
265	374	79		266	374	-86		295	374	62		333	374	1		32	375	20
45	375	97		69	375	66		70	375	45		88	375	27		112	375	78
143	375	56		152	375	93		168	375	17		186	375	-28		187	375	14
205	375	93		217	375	25		221	375	32		292	375	1		300	375	40
303	375	-85		310	375	28		321	375	55		354	375	-1		355	375	22
356	375	35		368	375	3		8	376	42		19	376	51		29	376	60
71	376	44		76	376	94		82	376	67		98	376	12		111	376	59
116	376	73		149	376	15		155	376	85		158	376	63		185	376	56
206	376	81		218	376	4		219	376	97		230	376	0		233	376	30
282	376	95		294	376	4		295	376	94		310	376	64		311	376	35
321	376	33		338	376	6		345	376	48		375	376	59		16	377	67
18	377	1		43	377	67		45	377	24		64	377	66		90	377	4
100	377	63		114	377	83		132	377	64		138	377	0		145	377	81
155	377	50		158	377	29		164	377	31		207	377	80		239	377	55
256	377	-3		262	377	5		290	377	3		292	377	43		308	377	76
328	377	7		358	377	42		370	377	21		375	377	88		71	378	2
73	378	22		74	378	44		115	378	29		189	378	47		204	378	100
286	378	90		297	378	25		302	378	49		307	378	40		330	378	66
336	378	15		354	378	97		375	378	98		41	379	6		42	379	89
69	379	83		73	379	77		94	379	30		114	379	37		115	379	12
156	379	65		163	379	38		165	379	-50		172	379	63		198	379	94
211	379	86		212	379	17		217	379	39		274	379	86		283	379	54
286	379	52		323	379	53		336	379	50		337	379	56		360	379	9
50	380	0		85	380	98		115	380	59		158	380	19		164	380	27
175	380	86		179	380	33		197	380	41		211	380	87		214	380	45
242	380	28		275	380	51		304	380	45		323	380	71		327	380	44
342	380	58		347	380	50		356	380	64		377	380	11		12	381	15
18	381	50		27	381	44		29	381	22		36	381	43		43	381	76
47	381	41		69	381	83		82	381	37		97	381	67		115	381	93
140	381	0		187	381	28		285	381	30		297	381	8		315	381	78
352	381	-55		3	382	61		42	382	12		62	382	20		75	382	-42
77	382	5		82	382	3		91	382	94		102	382	33		123	382	0
163	382	72		187	382	73		208	382	99		217	382	47		224	382	53
230	382	54		233	382	68		251	382	66		254	382	43		266	382	22
274	382	56		279	382	97		305	382	60		310	382	4		319	382	39
320	382	12		321	382	26		352	382	56		358	382	84		369	382	41
12	383	44		20	383	98		54	383	29		67	383	29		68	383	54
69	383	16		83	383	12		117	383	47		147	383	-48		202	383	52
216	383	5		224	383	21		229	383	19		237	383	57		244	383	71
245	383	70		258	383	14		264	383	22		8	384	31		27	384	31
39	384	-43		42	384	55		53	384	18		83	384	14		101	384	77
107	384	20		113	384	2		127	384	40		130	384	85		171	384	56
173	384	67		179	384	65		188	384	62		199	384	12		216	384	55
239	384	21		333	384	8		337	384	64		347	384	56		372	384	-41
376	384	4		8	385	93		12	385	25		30	385	3		39	385	12
65	385	59		80	385	23		107	385	50		129	385	-45		144	385	12
166	385	77		179	385	9		186	385	50		188	385	77		199	385	65
209	385	-39		212	385	71		215	385	8		216	385	61		241	385	15
255	385	34		256	385	47		264	385	14		283	385	100		295	385	64
296	385	-52		300	385	68		351	385	15		368	385	3		378	385	33
8	386	42		26	386	47		46	386	40		65	386	13		72	386	34
74	386	65		77	386	79		82	386	31		89	386	39		116	386	21
184	386	54		194	386	27		212	386	34		222	386	53		245	386	42
273	386	99		279	386	7		280	386	48		299	386	31		314	386	51
335	386	-70		365	386	21		373	386	66		381	386	44		5	387	93
27	387	77		31	387	64		32	387	93		40	387	87		48	387	30
57	387	0		73	387	50		75	387	13		80	387	93		82	387	31
105	387	17		116	387	32		122	387	-46		133	387	-77		140	387	-87
163	387	39		169	387	10		179	387	91		187	387	12		210	387	82
215	387	57		252	387	82		268	387	62		299	387	83		304	387	85
321	387	59		328	387	-10		341	387	99		348	387	22		371	387	100
3	388	-55		36	388	44		86	388	60		91	388	54		95	388	15
114	388	53		147	388	42		153	388	-82		159	388	96		167	388	79
205	388	3		227	388	37		229	388	53		238	388	98		247	388	2
251	388	58		252	388	24		256	388	15		260	388	49		277	388	90
295	388	50		318	388	-88		324	388	70		329	388	3		332	388	25
340	388	40		358	388	90		378	388	34		4	389	0		17	389	77
23	389	31		28	389	52		32	389	41		44	389	74		65	389	77
74	389	68		95	389	7		97	389	94		139	389	2		158	389	25
202	389	79		206	389	54		210	389	69		284	389	59		358	389	4
364	389	37		11	390	-69		17	390	32		24	390	5		32	390	26
48	390	98		56	390	91		66	390	2		95	390	73		100	390	21
109	390	60		112	390	41		118	390	59		120	390	3		141	390	12
158	390	75		170	390	15		180	390	42		182	390	31		215	390	26
279	390	29		282	390	88		300	390	24		309	390	65		310	390	90
322	390	-84		326	390	89		338	390	30		350	390	87		371	390	48
373	390	76		379	390	31		10	391	-6		13	391	35		19	391	41
29	391	44		49	391	1		69	391	85		73	391	12		81	391	31
128	391	10		189	391	-20		208	391	37		212	391	21		235	391	92
236	391	33		268	391	30		302	391	68		313	391	79		319	391	37
346	391	44		377	391	85		378	391	91		379	391	21		388	391	77
2	392	24		3	392	72		9	392	39		23	392	6		30	392	69
33	392	98		46	392	94		69	392	80		114	392	1		147	392	79
174	392	36		177	392	20		182	392	81		192	392	76		214	392	2
244	392	23		264	392	46		267	392	24		277	392	29		307	392	82
309	392	30		350	392	95		352	392	50		371	392	35		376	392	81
382	392	55		19	393	38		25	393	87		57	393	23		69	393	45
83	393	68		89	393	36		100	393	29		122	393	61		127	393	35
131	393	38		137	393	77		154	393	78		160	393	96		200	393	40
203	393	55		218	393	0		221	393	56		238	393	34		255	393	81
257	393	87		258	393	9		267	393	63		280	393	-59		337	393	30
342	393	-90		346	393	4		350	393	59		352	393	91		353	393	24
357	393	51		371	393	78		382	393	17		11	394	91		20	394	57
36	394	63		50	394	10		67	394	-21		74	394	80		78	394	63
79	394	98		82	394	57		101	394	39		104	394	0		108	394	21
130	394	7		139	394	71		164	394	9		170	394	3		171	394	95
200	394	5		212	394	64		256	394	6		320	394	94		357	394	89
368	394	93		369	394	27		378	394	-61		380	394	70		51	395	25
74	395	42		80	395	57		83	395	82		96	395	26		102	395	19
121	395	19		130	395	9		141	395	22		142	395	48		153	395	-36
170	395	69		181	395	51		218	395	73		236	395	3		264	395	60
266	395	31		275	395	53		299	395	13		307	395	97		329	395	86
335	395	-39		336	395	69		357	395	55		386	395	9		44	396	8
103	396	18		128	396	100		166	396	9		178	396	98		212	396	17
248	396	-81		266	396	64		274	396	46		299	396	55		357	396	77
374	396	2		43	397	74		46	397	61		50	397	59		51	397	44
52	397	17		93	397	1		118	397	75		128	397	93		144	397	66
154	397	0		166	397	46		180	397	89		222	397	43		246	397	32
265	397	23		274	397	46		280	397	11		285	397	42		289	397	32
309	397	85		318	397	-7		331	397	31		334	397	-72		346	397	74
364	397	84		369	397	46		394	397	59		4	398	39		77	398	36
127	398	48		140	398	96		151	398	90		204	398	81		206	398	43
212	398	88		219	398	88		233	398	15		270	398	41		285	398	83
289	398	92		315	398	43		316	398	10		335	398	4		370	398	-36
378	398	91		382	398	14		33	399	31		65	399	63		69	399	64
107	399	31		128	399	79		131	399	19		132	399	85		133	399	90
145	399	-61		164	399	1		182	399	45		187	399	87		195	399	94
199	399	39		238	399	84		251	399	38		258	399	41		288	399	0
303	399	0		315	399	68		335	399	67		342	399	46		383	399	76
385	399	6		391	399	52		1	400	0		3	400	54		18	400	84
26	400	2		62	400	71		68	400	37		72	400	9		74	400	48
114	400	78		132	400	22		133	400	62		137	400	32		155	400	28
157	400	27		165	400	48		192	400	36		206	400	5		224	400	57
226	400	-62		227	400	34		237	400	39		245	400	61		264	400	24
278	400	-62		302	400	99		342	400	75		360	400	56		390	400	32
